"V1" "V2" "V3"
"1" 1.34169869285802 0.253862875238903 8.65549746509673
"2" 1.55077236011956 0.292753053079866 10.2742515581776
"3" 1.0209119712061 0.313684342369516 9.75098376467788
"4" 1.44210014136635 0.313400533637851 9.14048414084762
"5" 1.16132092536997 0.465401212234603 9.34246287307963
"6" 0.896555862880109 0.0339959455852495 7.30078420143295
"7" 0.883635701012539 0.0732042333758246 7.86895584384739
"8" 0.94521374794078 -0.0148810388704214 7.81345238637864
"9" 0.65631723136862 -0.0507870873446922 6.71301641805623
"10" 0.60079583039526 0.214663878099932 6.85262761063145
"11" 0.489362445448664 0.225385198494149 6.78623637939023
"12" -0.0990201355919524 -0.00991867991517681 4.55840244711138
"13" -0.0796284936942042 -0.0707471201682904 3.56759742783925
"14" -0.15795810905299 0.00851924088074868 4.52486179971642
"15" -0.538483025851678 -0.19202446561061 3.51852238000326
"16" -0.217083497665623 -0.158689935685774 3.67142399090778
"17" -0.749706117297398 -0.656876756153808 1.15894835141184
"18" -0.864951866292506 -0.648425252896144 -0.662968547815037
"19" -1.08505384377893 -0.515183457932814 0.617760639642351
"20" -1.83039296712881 -0.41006083465102 -2.34170293598498
"21" -1.2953576675945 -0.674441957740753 -0.560112921041703
"22" -1.58560743742215 -0.7634959676491 -3.13960129883027
"23" -1.74664948975431 -1.12052698422179 -2.36019799455008
"24" -1.68182211920619 -0.83025988611427 -2.13939326619075
"25" -1.92002350268838 -0.835512572688747 -3.81157252317079
"26" -1.9885403777289 -0.993608504795717 -3.25631005430157
"27" -1.64948587942871 -1.14732945486268 -2.85895435893693
"28" -1.95467123695983 -1.00366825902437 -3.63835963520758
"29" -2.17616701600185 -1.00956170892426 -4.60754917338063
"30" -2.21193055032438 -0.963533204535616 -4.23982271386753
"31" -2.4555606061241 -0.856497961406814 -4.92691215183094
"32" -2.57034415871045 -0.759041157149049 -4.07656243611906
"33" -2.36459982760875 -1.07850054465923 -4.9243513298517
"34" -2.7204201158527 -0.415617973152489 -3.32085701659171
"35" -2.48553465935375 -0.907300423791998 -3.59108146580846
"36" -2.28371788359576 -0.91880197284574 -3.22662159993244
"37" -2.44569819334351 -0.811922293595758 -4.69782353813165
"38" -2.51506839022709 -0.496976505973449 -2.69629725700951
"39" -2.15627510387471 -0.391557491028649 -0.727250505229559
"40" -2.66464900211491 -0.261991155724965 -2.0701522014277
"41" -2.49358394008737 -0.283533596232335 -1.10678246092777
"42" -2.46417547560377 -0.0988583128157685 0.66815103012442
"43" -2.58935289352869 0.0320576887924815 -0.917287917414102
"44" -2.64911451784897 0.140408492468133 1.21310315368157
"45" -2.19795280407934 0.0957393786131878 1.86499875718464
"46" -2.2711240861584 0.228712218988621 2.72372810417513
"47" -1.72255889199269 -0.127899374928083 3.73627913896811
"48" -2.13402354981138 0.120980067506655 3.55692794956158
"49" -1.55211499505834 0.577876152214479 6.36118284328278
"50" -1.98217383021849 0.669369519037708 6.4773467890978
"51" -1.9631553931255 0.759118683638183 6.73563314843153
"52" -1.98183454190823 0.989004684340727 7.61905387298251
"53" -1.58212102106302 1.01383157242843 9.74408037084369
"54" -1.90600307132824 1.06863826043473 9.65903409240039
"55" -1.6408501637222 1.46679448668916 11.7954530660244
"56" -1.84334842387434 1.54598562953252 11.2635673783719
"57" -1.84740119540728 1.19265242981333 10.0829734165817
"58" -1.45831625249507 1.6344661932319 13.0179053733958
"59" -1.55791757646784 1.59355810569104 12.538224824686
"60" -1.40839581725253 1.38691358839308 12.8753065076923
"61" -1.48696002165891 1.31982842430413 12.0684772806003
"62" -1.75022380864687 1.64193817293699 12.3488415469658
"63" -1.31647074220065 1.64286250810855 13.4889858254612
"64" -2.02887967159098 1.71447128662453 11.5386401363092
"65" -1.69581256590448 1.47416447028729 12.3361491890581
"66" -2.04493602830457 1.47120858750368 10.9537054751134
"67" -1.41845627621475 1.46794836618462 12.9781049495614
"68" -2.07143869518464 1.75822468853154 11.5897959120768
"69" -2.17919035773184 1.6551409330252 9.91734754878417
"70" -2.01066729695236 1.37992881461979 9.28624908613541
"71" -1.828128674044 1.07799374583158 9.72662692077019
"72" -2.57318338103313 1.57758589318292 9.29510760403224
"73" -2.70559765741349 1.28350624662709 8.34279984668162
"74" -2.64622620304873 1.33266926089704 8.37602211582757
"75" -2.76953374716045 1.53866989208278 7.11101624010114
"76" -2.31492295149688 0.928750645468482 8.00534703179913
"77" -2.86806897605971 1.01447280923324 5.53744197384799
"78" -2.90001784875025 0.708212509411116 4.14288922421878
"79" -2.81492679493236 0.775490172334616 4.25455100931425
"80" -3.01217958206423 0.542987016877057 3.02733541058872
"81" -2.91285351730774 0.318714824794115 3.11980233920777
"82" -3.07441907344632 0.601506088282732 2.29984518167032
"83" -3.48159555259356 0.129394787202848 -0.936032611127382
"84" -3.15138903348308 0.31022718258845 1.66541253115473
"85" -3.47190916490768 0.375311018988769 0.0380538975182954
"86" -3.68658247669593 0.0155312556141272 -0.749908682484222
"87" -3.79011815205327 -0.0199353378086355 -1.88300986356449
"88" -3.2760968888088 0.207925441727992 -1.63196687893354
"89" -3.62373445351751 -0.209264965829977 -2.47877974415438
"90" -3.61079670025228 0.0539320468315245 -1.58917839371453
"91" -3.3925390756914 -0.154396138038831 -2.90072839683667
"92" -3.7235477286225 -0.263390019173332 -3.0723354957115
"93" -3.62244307956506 0.00780134170354774 -2.77530335910888
"94" -3.85056093271028 -0.466964741014445 -4.30790914883794
"95" -3.66782765161156 -0.573072287386729 -3.38945213747454
"96" -3.76022838191733 -0.462009723751173 -4.49841021191932
"97" -3.64410240883496 -0.111382474305926 -3.00409577242075
"98" -3.48962119299723 -0.0961638576091579 -3.46521543099928
"99" -3.50179133551836 0.0301016668708423 -3.12171410875074
"100" -3.47311530507627 0.0435519673458988 -2.5041194255504
"101" -3.26513857272619 -0.20624945167555 -1.84826197660409
"102" -3.46304720816004 -0.00505193075345123 -2.14224687931129
"103" -3.20287419303161 0.347174886656842 -1.38500679013218
"104" -2.95912352151575 0.284394501414328 -0.130116773922747
"105" -2.86642816644198 -0.0338920797302351 -0.441371774049173
"106" -3.23233528043 0.384641112687016 0.501648081894895
"107" -2.67023583413158 0.450320956899603 0.771518112251161
"108" -2.78166970038308 0.451516303148029 1.85630301821135
"109" -2.47752921010321 0.604226949630611 3.04955098840625
"110" -2.34603116507327 0.683203974040012 3.89716388448168
"111" -2.08609440746349 0.893783258752444 4.44734988685919
"112" -2.25201762340489 0.665912615514942 3.96708605183814
"113" -1.84293683519269 1.17536140905011 6.62947110263462
"114" -1.75477284416136 1.06957024816132 5.66949144069561
"115" -2.11083343920283 1.27452971961549 6.79408522595585
"116" -1.49066642385768 0.936375693246435 6.89856064831987
"117" -1.76603564204688 1.65526672204887 7.97357717469432
"118" -1.15467292611248 1.25548037064092 9.53412351671308
"119" -1.1483495926631 1.59243065460635 9.46431845654036
"120" -1.30138019778275 1.7795059935692 10.1646118696448
"121" -1.49059444555334 1.7862942040387 9.20911381279728
"122" -1.08010596626638 1.57357389234302 9.34188651858572
"123" -0.966566651832283 1.44839073924374 10.3705482470275
"124" -0.746373629363763 1.37924041835232 9.72966098384737
"125" -0.709239633246044 1.57712406994888 9.87023581024632
"126" -0.391683910316665 1.50286944010745 12.2137297548357
"127" -0.543555534532251 1.69630861880678 11.4567226595838
"128" -0.593384659024006 1.6045634697777 10.8295437347163
"129" -0.79489214283145 1.49797416958302 9.16364858263845
"130" -0.972217165997435 1.76970830639495 10.4143448799256
"131" -0.549875457871661 1.03726283654259 9.59854872921314
"132" -0.717086363255413 1.18955097767441 9.29246936312125
"133" -0.784759214878402 1.08223646256562 6.31278070703961
"134" -0.595836699954113 1.10617938820925 6.81478368002917
"135" -0.382238465571095 1.11909965865413 6.8326794175036
"136" -0.865641314931255 1.13809258368397 6.38445601693672
"137" -0.508021827532944 0.570043681626881 5.61098645484574
"138" -1.28157030612072 1.19743453511358 4.11682267500661
"139" -1.03463531732066 0.396668627944936 2.59244438611613
"140" -0.894822846184046 0.793465281652843 2.82751958654015
"141" -1.22451284023449 0.718864916767689 0.739739894740833
"142" -1.05225665298975 -0.0155334138552535 -0.855266034760953
"143" -1.02528903147229 0.451934767482203 0.536251038675715
"144" -1.11612467440307 0.159994670748444 -0.347166972591699
"145" -1.12202897354638 0.0853810094306105 -2.05171975773866
"146" -1.17623169924209 0.0159420561120713 -3.20039269012902
"147" -1.17913924457959 -0.0634286030366435 -3.07102139815296
"148" -1.53615778098045 -0.196253691706174 -4.9699387584943
"149" -1.00185550224877 -0.21237062307041 -4.26790659127615
"150" -1.50458072669475 -0.316269093310963 -5.28090767433958
"151" -0.689806531354431 -0.704497140665408 -5.13595540415451
"152" -1.27142098286542 -0.813704169244588 -6.97081650273999
"153" -1.43554053109259 -0.870400985606681 -9.28562376380078
"154" -1.2773583872864 -0.693721452211422 -7.35858078980578
"155" -1.09894652199485 -0.885884719561292 -8.58628429154877
"156" -0.892837525162629 -0.60032380708513 -8.50295477447852
"157" -1.08538288122134 -0.774326148012816 -9.42495951847537
"158" -1.31839751092828 -0.681713962678321 -9.67150149416406
"159" -0.934174916176601 -0.73103223744108 -8.03719982551278
"160" -0.951659693817296 -0.503078431184961 -8.31995174233677
"161" -0.719172115232591 -0.658627799272089 -6.83050041477169
"162" -0.634192470648533 -0.840289304417378 -7.8812386850797
"163" -0.266963732253669 -0.911962407712624 -7.38623565515371
"164" -0.94783346984377 -0.654398105626762 -8.01626117351485
"165" -0.234781254965687 -0.702031873191291 -6.19671859131616
"166" -0.359203579394683 -0.405692068670609 -6.26272093533014
"167" 0.0689380516568544 0.0290751121037234 -2.83073141714531
"168" 0.202712852230904 -0.281794031858572 -5.2664282971881
"169" 0.566818281448481 -0.746556925760052 -4.53582413220152
"170" 0.485110481509488 -0.0214535762418216 -2.60919610242319
"171" 0.425117073884636 -0.0115730085813152 -3.52511209117846
"172" 0.720155906410407 0.0283617309991797 -1.86781629346613
"173" 0.863884633495792 -0.226518037216021 -2.21119957262632
"174" 1.0360628611695 -0.183702472367072 -0.653655542313767
"175" 1.22042061936319 0.0987309796958858 -0.333065785553481
"176" 1.20143614914432 0.29406950225577 0.445652893032053
"177" 1.56702874722966 0.0854489900747586 2.30836276720539
"178" 1.44426389866173 0.501612755291661 1.44583065060718
"179" 1.56508918800939 0.607134251207759 2.75683586172958
"180" 2.00108854964744 0.272845227639499 3.07093579470377
"181" 1.70175970449881 0.602107841311204 1.87338149593225
"182" 2.08668586963569 0.399949640188892 4.17892063281901
"183" 2.10162354053788 0.468893093237523 3.44355768194537
"184" 2.04773673290907 0.674117808028198 4.8860769889173
"185" 2.43531267794344 0.573466690405035 5.06505387785425
"186" 2.29252222510395 0.879875035628157 3.72696797432545
"187" 2.55144540920838 1.30411154409786 5.81966854088297
"188" 2.76646073878434 0.783748111169815 6.53200438462186
"189" 2.18852525054416 0.707840478253287 4.15371088512202
"190" 2.79488526408449 0.831953384183578 6.25558303934297
"191" 2.96776277854972 0.214055799018375 4.88642873527674
"192" 2.39205866728097 1.12198963313087 5.46761100900523
"193" 2.82427248823796 0.443201082852133 4.71407644199706
"194" 2.19968017007283 0.841851023545594 2.91860093529443
"195" 2.84872096608778 0.284076638050305 5.08621841528341
"196" 2.70333326191884 0.0929682038345747 1.5099659968901
"197" 2.75370257380518 0.48265539526736 2.45543523426256
"198" 2.83849596947398 0.207632768879755 1.66839825455795
"199" 2.23741242628921 -0.0653153357438854 -0.180209902441097
"200" 2.29063910247568 -0.284381746210697 -2.16260256028715
"201" 2.65968107969669 0.0471655096396928 -1.29049268339962
"202" 1.96217284905411 -0.147832135543671 -3.23358115662182
"203" 2.17224018221986 -0.159254593273589 -3.67292130874862
"204" 2.59483662501344 -0.403893610015812 -2.84924316039307
"205" 2.22112398028516 -0.347164395043305 -3.7658526330492
"206" 2.07045846555062 -0.738643196696413 -6.26704599401604
"207" 1.85975182688923 -0.624436136145703 -6.9580550897208
"208" 1.63775809014923 -0.596250192138496 -7.30126559017126
"209" 1.50163712106759 -0.547120915972346 -7.89981730392934
"210" 1.83948259996193 -0.88038441969071 -7.58897527838552
"211" 2.11967267347122 -1.35108171821334 -8.98934982364727
"212" 1.78447917546848 -1.2904152240437 -9.83139684121514
"213" 1.63958392040506 -1.09024512786108 -10.2999718056651
"214" 1.41660754552387 -1.69059227232193 -12.7370824318195
"215" 1.7527519156118 -1.46006110515352 -11.6091633476833
"216" 1.61545103394267 -1.47139064894643 -11.9261779462649
"217" 1.57657643506004 -1.14230766131909 -12.4400457540225
"218" 1.52003965341408 -1.45024557083825 -13.863246045684
"219" 1.43668413848593 -1.41243265602687 -12.7857396000827
"220" 1.55218868852707 -1.52682465982596 -12.2519407387623
"221" 1.54093389165793 -1.60276770624716 -10.9847528478564
"222" 1.42457946260148 -1.29725086234369 -13.6187771977798
"223" 1.57779081948463 -1.54070191443461 -13.7605092422926
"224" 1.61654950539306 -1.32498577360897 -12.049294313304
"225" 1.85087697286868 -1.22664671633632 -10.9468474497194
"226" 1.74557910935148 -1.0996463193693 -12.7768184108331
"227" 1.58688834088249 -1.20894378311654 -12.7970318390735
"228" 1.82569180900398 -0.919374922053941 -10.2946281253336
"229" 2.13680342181691 -0.694136544316756 -8.53934777321994
"230" 1.83259812974582 -1.03779772433602 -10.1311496184411
"231" 2.01991131295501 -0.622377938276988 -8.09032915168971
"232" 2.27405121208641 -0.954441463440934 -8.43356325119018
"233" 2.39294414236331 -0.915396519234875 -7.81308027228294
"234" 2.23960948526643 -0.0745114562086981 -6.0625918680268
"235" 2.32658268041689 -0.39370192273016 -6.22394381815546
"236" 2.57344143250568 -0.382464164345435 -5.3694539985353
"237" 2.82634406586738 -0.384113999335536 -4.14224900967146
"238" 3.09119227254557 0.193917858784611 -1.58780407882732
"239" 2.77674176260038 0.0275771003460664 -2.32828110115616
"240" 2.88934757876062 0.27937916565791 -0.372298012598447
"241" 2.86998676678563 0.213212397876722 -2.11448163620746
"242" 3.09467358776377 0.266863055790908 -0.470292395036354
"243" 2.91040429565001 0.357778484513649 -1.82728292095534
"244" 3.0384221902216 0.510877782047365 -0.147317620878541
"245" 3.00301429202678 0.711188273840631 -0.167832547500036
"246" 3.40096023697848 0.627571247255281 2.19041241054678
"247" 3.22944438426447 0.68704867426514 1.3117389337158
"248" 3.43286679908713 0.903272536168772 3.11337185820474
"249" 2.88256818790545 1.08691566846592 2.06538371148629
"250" 3.47550804008095 0.572598197786535 3.1094682620338
"251" 4.14391158422899 -0.661096918198638 4.20814272051822
"252" 4.38109621990904 -0.787817499355088 5.19301630233137
"253" 4.09969329898239 -0.212509614271761 5.50865485896416
"254" 4.2331408218806 -0.854383523013229 4.7380070764341
"255" 4.7343067270444 -0.848034809223909 5.67071395066131
"256" 3.99686046184385 -0.735586691085631 4.45384969922928
"257" 3.90495038612608 -0.379769001545498 4.61359913247969
"258" 4.25839222714093 -1.09161433308305 4.40967466662793
"259" 3.88907314031045 -0.988544241474992 3.04614449722566
"260" 3.38997030353739 -0.889668223243825 2.64954273783895
"261" 3.63940192037878 -0.722931084493088 2.07641799802179
"262" 3.4071558755658 -0.771433139758143 3.07236043899329
"263" 3.53644179685865 -1.05597995739993 1.63586719681389
"264" 3.5425434080273 -1.41268981851355 1.11302005105602
"265" 3.47392313460592 -1.12820866836627 -0.0397136655362194
"266" 2.96371542990938 -1.32230191822735 -0.15648068641115
"267" 3.00562512078559 -1.55918905206823 -0.492031224952719
"268" 2.57082081644574 -1.58245783802796 -3.04328908342532
"269" 2.68402354138985 -1.68848938450249 -2.59880567316142
"270" 2.42975915938219 -1.76854571177211 -4.53285268576123
"271" 2.11424887224627 -1.79143595656841 -5.87124160708601
"272" 2.16785110414431 -1.9302664666569 -6.04125653534541
"273" 2.08034733942163 -2.05495193315592 -6.02514385967443
"274" 1.83742848036456 -2.08051549042707 -8.32447904100665
"275" 1.7079293520651 -1.71490987556889 -6.6991899818887
"276" 1.60236676417149 -2.06732224133829 -9.0813833378661
"277" 1.31764295754351 -2.18291288885827 -8.81845273523009
"278" 1.48477884665567 -2.17493075168584 -7.49756560537436
"279" 1.74904329431517 -2.25996988046846 -9.11341191175828
"280" 1.39150576469429 -2.35024924495945 -10.0333288226263
"281" 1.06274298392367 -2.25507931427113 -9.45329454392321
"282" 1.20289384737093 -1.88644592494602 -9.04121825060166
"283" 1.23568913796901 -2.3283074048357 -9.51027720505186
"284" 1.25324759542287 -2.40301476500303 -9.02705741925833
"285" 0.85675563924943 -1.85130793099486 -8.94344359825262
"286" 1.12286157010133 -1.87449730674939 -8.17741743117554
"287" 0.559627667262974 -1.64586620277905 -8.83906672916881
"288" 1.15901240896301 -2.1137671882602 -6.25318498220115
"289" 0.72950873003354 -1.54965501519664 -6.88201340821804
"290" 0.786875007864698 -1.48181232004708 -7.28862291169126
"291" 0.865712350212256 -1.62618591728373 -6.14632707054129
"292" 0.952175999105481 -1.32043171319685 -4.88969854397678
"293" 1.54509006686176 -1.306781497874 -2.31672749400469
"294" 0.965628894098929 -1.28943181973274 -3.86023119871656
"295" 0.942052050338712 -1.12379794374753 -3.67796809135008
"296" 1.34439209032674 -0.977018257312672 -1.77399385945384
"297" 0.924191288057559 -0.889891715056128 -0.602381914981095
"298" 0.804648740639815 -0.772499839034192 -3.68997435504808
"299" 1.088925162487 -0.627193235751677 -0.0908214005195274
"300" 1.31873642819989 -0.502439401697276 0.927447766676863
"301" 1.38694523362378 -0.555789847564863 2.11324532554504
"302" 1.57286307135017 -0.466038054616883 3.47271704788643
"303" 1.3030739792666 -0.356742732236282 3.01377175589225
"304" 1.30275391864755 -0.0476392112505997 4.18089865252775
"305" 1.47338475143553 0.25121843933786 3.39217714078095
"306" 1.80964673764523 0.30683704087691 6.26465218942689
"307" 2.02328895967719 0.157069534981486 7.63351945524302
"308" 1.58248610262194 0.345432615624034 8.15055289393286
"309" 1.48917149451469 0.242862027550461 7.80470362031541
"310" 1.20683483711244 0.479350387523539 7.08246974094371
"311" 1.30622979181837 0.259450302802795 9.02452436206537
"312" 1.650420522346 0.598529913591274 9.12852624605036
"313" 1.17422969595626 0.672884680648186 8.49297687327681
"314" 1.19301434620218 0.553862220863203 7.42438643993227
"315" 1.44184029677446 0.548755757245606 8.9734401073133
"316" 0.845524154095354 0.673672885643894 7.61681024166956
"317" 1.26339891930301 0.452500120324096 8.969185755668
"318" 0.828632536001096 0.438787489686875 7.98988474619151
"319" 0.737926307459008 0.747592204961282 8.62160340152416
"320" 0.878946460409096 0.357755442841251 7.64887363650429
"321" 0.434097565867067 0.711412639785004 8.77492455026545
"322" 0.440927485129577 0.768048112110497 7.07039171126697
"323" 0.409737227477477 0.317609966349081 5.78064335771004
"324" 0.165524409659296 0.483286389653875 5.71414988905401
"325" 0.000513247775658199 0.394083151444117 4.74379332486903
"326" -0.335742341026454 0.309659371910852 3.8586219825414
"327" -0.193301408051925 0.643721046893151 5.00721678799284
"328" -0.469991034116419 0.271248838219088 2.96952400601958
"329" -0.56184769834915 0.00853967377954484 3.33740730744617
"330" -0.969288600797196 0.0930203930420681 1.78701533307835
"331" -1.11711066169423 0.127542190708355 1.20052654705622
"332" -1.25579384701952 -0.262358574730878 -1.30445364128868
"333" -1.13772119306011 -0.343218746939328 -0.609462810433333
"334" -1.30194613899846 -0.465617906973901 -1.64110567734878
"335" -1.95544094250136 -0.434217083070062 -3.14775899338877
"336" -2.03925515304566 -0.374589130303061 -3.94755072054719
"337" -1.46255796588063 -0.448717706232229 -1.31836720677119
"338" -1.7532587676334 -0.388214910076776 -2.40643353755689
"339" -2.1871801077494 -0.351502759018624 -3.11045399543214
"340" -2.31094022542122 -0.408845054587457 -3.87131827582078
"341" -2.05456273834222 -0.55658152761422 -3.40973623942733
"342" -2.07572793161067 -0.718763175251586 -4.12555694249419
"343" -2.2479706597004 -0.497101612343314 -5.14977640755265
"344" -2.55298940849102 -0.776127824501609 -4.58226041608156
"345" -2.38142546584576 -0.804208189122532 -5.48785631547779
"346" -2.90432102188729 -0.536148232411421 -4.94095332601467
"347" -2.51719696705116 -0.702601212031321 -5.01351359187684
"348" -2.89037963683467 -0.413239408506813 -4.84124239014056
"349" -2.76780625223699 -0.630479713091639 -5.51985022906508
"350" -2.75313425128001 -0.618352256705032 -4.25272264845904
"351" -2.39493490279408 -0.441565808868634 -3.50183559272897
"352" -2.9701459811156 0.0122836531732359 -3.23281772381103
"353" -2.67172643712128 -0.317615996449068 -4.58544620180963
"354" -2.86456339340322 -0.21272940507705 -4.10209325661519
"355" -2.88490674359846 0.227991432484938 -3.07870845792099
"356" -2.4393846221048 0.115841592472494 -0.145840581481156
"357" -2.5491695657759 0.0130137134349393 0.0256608264581741
"358" -2.27487608517644 0.0528848633490907 1.9029903849445
"359" -2.68731923140182 0.799780889427407 2.32857169644893
"360" -2.55551756112082 0.617763103900146 3.16541172717449
"361" -2.01366067634478 0.184866720231482 2.46089177690091
"362" -2.49495417225698 0.570625001041676 2.31717032223476
"363" -2.16091226383548 0.826513617679674 4.97727959741385
"364" -2.47816273869698 1.0916380318982 5.05773758108756
"365" -1.86976565581728 1.26151399013931 6.81798262014203
"366" -2.14960481347541 1.14777973397908 7.45166148074614
"367" -1.89088451965148 1.46378604984431 8.37486144964208
"368" -1.77462510383449 1.35927252896757 9.214802413274
"369" -1.65911325817776 1.2899189374821 10.6227338770723
"370" -2.10928594195484 1.45230348114967 9.48260158679081
"371" -1.66327928137875 1.90969789119333 12.1955253106214
"372" -2.02760692243559 1.69183530658112 10.4059342824666
"373" -1.67118990979777 1.98221325476877 10.867626301553
"374" -1.809831690685 2.0019694119835 12.4843216533025
"375" -2.08072957732924 1.94170861033729 11.7462344074774
"376" -2.19320986818068 1.87241115167149 11.4241124835992
"377" -1.67972040815434 1.84255762864325 11.7778192205291
"378" -1.7050875021485 1.97761736540467 10.5753405130228
"379" -1.90723103698977 2.17724564690069 12.6416131018118
"380" -1.69443355745542 1.74040392699463 11.7603317842879
"381" -2.03294499933333 2.0552153474024 12.1707931677493
"382" -2.38341421232169 2.10253712778497 10.8165615424396
"383" -2.06825211222741 1.98402273213861 10.6080559891402
"384" -2.23908228873101 1.69120484595701 10.4694531970904
"385" -2.33666774513946 1.80326818436315 9.82860818312055
"386" -2.80538275367517 1.77021437114856 8.61285040844438
"387" -2.61377199403378 1.74184513561381 8.42475821907873
"388" -2.74706641191216 2.01612224339193 8.38139421402678
"389" -2.79871891649653 1.59596079068658 6.44606305582001
"390" -2.97461292975091 1.7378032432795 5.38459340749822
"391" -2.85278310255671 1.29922327664765 6.18123821092172
"392" -2.92924510485035 0.855609730113883 2.25187461412254
"393" -2.91651587963877 1.20749003994735 5.20979945875618
"394" -3.06891443692826 0.622979902252732 1.71711261178144
"395" -3.33172897839978 0.976226634663016 1.02737217690779
"396" -3.29380221365057 0.733226519222222 0.550134823936205
"397" -3.47940129457661 0.205982199492931 -0.347482896559952
"398" -3.43042977847495 0.568920012356485 -1.93558246252714
"399" -3.45768801281377 0.52894788019412 -0.301430663993919
"400" -4.09274461415926 0.468077242596582 -2.70827303485449
"401" -3.81007405796219 0.176534237973033 -2.21097929878637
"402" -4.1768593588557 0.704247194694797 -2.72261729122412
"403" -4.29572292698647 0.661524596820105 -3.15810812853648
"404" -4.27486899804417 0.293121490743474 -3.5697707895176
"405" -4.35487341644561 -0.230066462939641 -6.43274733361971
"406" -3.85792340003958 0.170553923303078 -4.46357799116445
"407" -4.03103676437565 0.229996532487262 -4.76463323286696
"408" -3.95464023868859 0.152655254192418 -4.15779977116898
"409" -4.12318379543921 0.309464288177082 -3.76870141288065
"410" -4.29062923371581 0.17654310093018 -6.14572047456699
"411" -3.80876256886741 0.0622552471536406 -4.84946197872565
"412" -3.8215837959038 0.392016329968049 -3.31168253155036
"413" -3.6599610339731 0.159417851344376 -3.98491106305042
"414" -3.67862804382443 0.0836640852895161 -4.01848983372626
"415" -3.98646057089458 0.341682245872146 -4.1058400975905
"416" -3.52917331856789 0.476464321610713 -3.29138987496347
"417" -3.32518354864049 0.646451180933625 -2.4056080955235
"418" -3.51581679353932 0.63766231961558 -3.07311060520633
"419" -3.66051361917404 0.691440776291592 -3.30813713060003
"420" -3.21429866584786 0.926702273743565 0.523772899780862
"421" -3.07828351500778 1.01122729494373 0.951127442741063
"422" -2.91822803499171 1.13235957862157 3.03500551696197
"423" -2.46965061282663 0.781032638209203 1.63646171707058
"424" -2.83912363382986 0.982401079371539 1.1843236168217
"425" -2.33669715280941 1.44090640768622 3.97411218983559
"426" -2.32934993462056 0.990940797204535 4.27726633465695
"427" -2.3910721127479 1.6307808789256 3.51661628666244
"428" -2.29095687039101 1.58606942377048 7.43198967763379
"429" -1.92375935331951 1.63306679021256 6.33726214478145
"430" -1.29981123981785 1.1389177878286 7.52350509234045
"431" -1.82313006841555 1.91804287745223 5.34717797648732
"432" -1.78512554091521 1.63802689452605 6.32576135584839
"433" -1.56768691114503 2.03063249232266 8.6366215217068
"434" -1.50483276835282 1.60140960685419 8.51817848867262
"435" -1.28960609251181 2.01576957376265 9.13342095730293
"436" -1.03477610283156 1.89712570739338 9.98044626194302
"437" -1.35879518660512 2.02214272504296 8.22429903804208
"438" -1.15768415970682 2.2430289858094 10.9156160009233
"439" -0.871563715711284 2.0204415869929 9.63964393796949
"440" -1.16516176474873 1.59205503169464 7.87335238217937
"441" -0.986632891786925 2.07638711980848 8.74533840433198
"442" -0.909624318670162 2.00071288504307 9.39893074701501
"443" -0.893223727929466 2.06210377415178 9.16211402005854
"444" -1.01113590721819 1.84417643202504 8.40546566903356
"445" -0.964278780271156 1.54935430325482 6.28669706470294
"446" -1.33361327952175 1.78366059714544 6.43349024773231
"447" -1.22794923616084 1.80433628473622 7.53724926497932
"448" -0.78201238804232 1.74615562985884 6.77301302725166
"449" -1.01256409042991 1.37076998485773 4.97032307601224
"450" -1.12249665601752 1.38195383532707 6.34496823105705
"451" -1.26365701042963 1.3705482494717 5.03625266079538
"452" -1.3835910950644 1.45496263061621 3.29452721813155
"453" -1.11584243727465 0.980433300009252 2.70221634458561
"454" -0.945935247252547 1.14051709361216 3.88026573775834
"455" -1.12414935258947 0.793246589642631 0.939888141342331
"456" -1.3020059480921 0.778698665440184 -0.225935770313068
"457" -1.0650224636875 0.766767238139278 0.11749727730016
"458" -1.37581982700063 0.317811179951008 -2.92861489758016
"459" -1.2384084184937 0.240381402620357 -1.32805206022461
"460" -1.26359337048209 0.0543671732601408 -4.20147716456457
"461" -1.43501180546458 0.315689763555856 -4.54458395739996
"462" -1.35307932004383 -0.0672142810922906 -5.23247943046854
"463" -1.54899229670671 -0.0243121976923259 -6.72708399548725
"464" -1.52273399306251 0.165246581799088 -5.54606616313735
"465" -1.91438448916942 0.160657539609868 -7.91658838163185
"466" -1.54649244929265 -0.252235281043251 -6.43608851126881
"467" -1.70405767081481 0.16997084760457 -8.10612171509498
"468" -1.64780863898508 -0.0938477016063245 -8.06484345517616
"469" -1.47476282402184 -0.353274756849889 -8.10214669130676
"470" -1.46230389431812 -0.507478650328155 -10.0554238351189
"471" -1.51899470530884 -0.394294386428063 -10.0650184856678
"472" -1.39035972399541 -0.371612980011449 -9.06934884978965
"473" -1.09459122302193 -0.535373710731572 -8.5328974226667
"474" -0.990398016081939 -0.723523835881775 -9.51040300637926
"475" -0.984972520318298 -0.284036825828356 -8.61023687529463
"476" -0.952408659505257 -0.472800811240063 -9.36372411000415
"477" -0.911954915600839 -0.63532213339709 -9.70907944864624
"478" -0.683020885138709 -0.0524045371556113 -7.03414249058899
"479" -0.534298427027816 -0.128708050013058 -7.93471450766205
"480" -0.539169630499804 0.0189481490947284 -6.64359305766812
"481" -0.248401941726843 -0.10412216783935 -6.27429267231967
"482" -0.173652221691857 -0.080090649485029 -5.39783396746585
"483" 0.0540865590910279 0.0930107603099656 -3.6604525869477
"484" 0.243163983527413 0.117663807789685 -4.18313647180571
"485" 0.268550849179924 0.122771722159316 -3.09731164031689
"486" -0.00106451858810763 0.321806224161426 -3.56891335350155
"487" 0.411646001692647 0.690611567745175 -2.6707696226603
"488" 0.459145746721745 0.783449178811919 -0.553976757161519
"489" 0.501722465512004 0.463258798579718 -1.28395304568563
"490" 0.931170547489767 1.05159719798827 0.45994415182432
"491" 1.25950723876611 0.812384474764069 0.745304665900682
"492" 1.09707015959549 0.802527470339861 -0.362667382603032
"493" 1.25441843511915 0.646535059700024 0.243213342357463
"494" 1.72989901069816 1.17410114469114 1.70207955243267
"495" 1.45419305691902 1.14497032437009 2.51863930108765
"496" 1.96907907814425 0.784156033740473 3.1449254177509
"497" 1.94902173025968 0.967567576981663 3.71094788619281
"498" 2.06900892106696 1.22850588678472 3.96724402691015
"499" 2.41810619645686 1.22280637959579 4.02454440546558
"500" 2.21175301681825 1.04937099472614 3.94229354276061
